,mass A,,
t,x,y,
0.000,-2.458E-2,-6.395E-2
0.033,-8.480E-3,-6.356E-2
0.067,9.956E-3,-6.373E-2
0.100,9.795E-3,-6.375E-2
0.133,2.795E-2,-6.355E-2
0.167,4.541E-2,-6.370E-2
0.200,6.165E-2,-6.364E-2
0.233,7.383E-2,-6.424E-2
0.267,7.370E-2,-6.415E-2
0.300,8.215E-2,-6.407E-2
0.333,8.560E-2,-6.408E-2
0.367,8.474E-2,-6.425E-2
0.400,7.753E-2,-6.419E-2
0.433,7.734E-2,-6.412E-2
0.467,6.617E-2,-6.389E-2
0.500,5.148E-2,-6.348E-2
0.533,3.445E-2,-6.365E-2
0.567,1.528E-2,-6.358E-2
0.600,1.540E-2,-6.363E-2
0.633,-2.852E-3,-6.376E-2
0.667,-1.980E-2,-6.376E-2
0.700,-3.358E-2,-6.374E-2
0.733,-4.400E-2,-6.377E-2
0.767,-4.415E-2,-6.378E-2
0.800,-4.909E-2,-6.368E-2
0.833,-4.918E-2,-6.370E-2
0.867,-4.572E-2,-6.375E-2
0.900,-3.550E-2,-6.375E-2
0.933,-3.534E-2,-6.376E-2
0.967,-2.194E-2,-6.377E-2
1.000,-5.603E-3,-6.369E-2
1.033,1.169E-2,-6.360E-2
1.067,3.076E-2,-6.362E-2
1.100,3.046E-2,-6.366E-2
1.133,4.713E-2,-6.369E-2
1.167,6.259E-2,-6.400E-2
1.200,7.488E-2,-6.435E-2
1.233,8.165E-2,-6.432E-2
1.267,8.135E-2,-6.421E-2
1.300,8.404E-2,-6.411E-2
1.333,8.222E-2,-6.405E-2
1.367,7.513E-2,-6.379E-2
1.400,6.373E-2,-6.399E-2
1.433,6.364E-2,-6.397E-2
1.467,4.853E-2,-6.335E-2
1.500,3.173E-2,-6.343E-2
1.533,1.353E-2,-6.353E-2
1.567,-4.886E-3,-6.353E-2
1.600,-4.769E-3,-6.360E-2
1.633,-2.133E-2,-6.369E-2
1.667,-3.408E-2,-6.358E-2
1.700,-4.415E-2,-6.370E-2
1.733,-4.912E-2,-6.386E-2
1.767,-4.894E-2,-6.385E-2
1.800,-4.880E-2,-6.384E-2
1.833,-4.402E-2,-6.381E-2
1.867,-3.459E-2,-6.383E-2
1.900,-2.081E-2,-6.383E-2
1.933,-2.089E-2,-6.382E-2
1.967,-4.050E-3,-6.372E-2
2.000,1.340E-2,-6.365E-2
2.033,3.169E-2,-6.351E-2
2.067,4.874E-2,-6.369E-2
2.100,4.893E-2,-6.371E-2
2.133,6.399E-2,-6.375E-2
2.167,7.513E-2,-6.396E-2
2.200,8.189E-2,-6.404E-2
2.233,8.435E-2,-6.418E-2
2.267,8.398E-2,-6.404E-2
2.300,8.203E-2,-6.383E-2
2.333,7.451E-2,-6.385E-2
2.367,6.218E-2,-6.378E-2
2.400,4.719E-2,-6.376E-2
2.433,4.699E-2,-6.377E-2
2.467,2.943E-2,-6.345E-2
2.500,1.073E-2,-6.330E-2
2.533,-6.789E-3,-6.346E-2
2.567,-2.265E-2,-6.371E-2
2.600,-2.234E-2,-6.372E-2
2.633,-3.524E-2,-6.377E-2
2.667,-4.374E-2,-6.397E-2
2.700,-4.853E-2,-6.402E-2
2.733,-4.847E-2,-6.397E-2
2.767,-4.843E-2,-6.393E-2
2.800,-4.252E-2,-6.391E-2
2.833,-3.228E-2,-6.388E-2
2.867,-1.790E-2,-6.386E-2
2.900,-1.716E-3,-6.370E-2
2.933,-1.583E-3,-6.372E-2
2.967,1.628E-2,-6.369E-2
3.000,3.420E-2,-6.386E-2
3.033,5.051E-2,-6.385E-2
3.067,6.446E-2,-6.391E-2
3.100,6.420E-2,-6.388E-2
3.133,7.473E-2,-6.408E-2
3.167,8.108E-2,-6.412E-2
3.200,8.250E-2,-6.410E-2
3.233,7.968E-2,-6.403E-2
3.267,7.978E-2,-6.398E-2
3.300,7.187E-2,-6.389E-2
3.333,5.985E-2,-6.381E-2
3.367,4.479E-2,-6.336E-2
3.400,2.772E-2,-6.353E-2
3.433,2.736E-2,-6.359E-2
3.467,8.561E-3,-6.349E-2
3.500,-8.719E-3,-6.354E-2
3.533,-2.422E-2,-6.364E-2
3.567,-3.660E-2,-6.378E-2
3.600,-3.690E-2,-6.379E-2
3.633,-4.536E-2,-6.387E-2
3.667,-4.852E-2,-6.393E-2
3.700,-4.838E-2,-6.391E-2
3.733,-4.151E-2,-6.389E-2
3.767,-4.150E-2,-6.389E-2
3.800,-3.145E-2,-6.381E-2
3.833,-1.706E-2,-6.377E-2
3.867,-2.874E-4,-6.370E-2
3.900,1.745E-2,-6.362E-2
3.933,1.717E-2,-6.366E-2
3.967,3.506E-2,-6.364E-2
4.000,5.170E-2,-6.365E-2
4.033,6.557E-2,-6.421E-2
4.067,7.569E-2,-6.441E-2
4.100,7.592E-2,-6.428E-2
4.133,8.248E-2,-6.430E-2
4.167,8.313E-2,-6.436E-2
4.200,8.026E-2,-6.429E-2
4.233,7.135E-2,-6.422E-2
4.267,7.104E-2,-6.414E-2
4.300,5.769E-2,-6.391E-2
4.333,4.210E-2,-6.344E-2
4.367,2.522E-2,-6.311E-2
4.400,6.782E-3,-6.327E-2
4.433,6.588E-3,-6.338E-2
4.467,-1.034E-2,-6.366E-2
4.500,-2.597E-2,-6.347E-2
4.533,-3.761E-2,-6.380E-2
4.567,-4.534E-2,-6.392E-2
4.600,-4.523E-2,-6.390E-2
4.633,-4.808E-2,-6.421E-2
4.667,-4.643E-2,-6.402E-2
4.700,-3.977E-2,-6.397E-2
4.733,-2.843E-2,-6.386E-2
4.767,-2.870E-2,-6.368E-2
4.800,-1.424E-2,-6.375E-2
4.833,2.280E-3,-6.361E-2
4.867,2.049E-2,-6.360E-2
4.900,3.781E-2,-6.369E-2
4.933,3.747E-2,-6.371E-2
4.967,5.352E-2,-6.387E-2
5.000,6.678E-2,-6.404E-2
5.033,7.669E-2,-6.415E-2
5.067,8.208E-2,-6.421E-2
5.100,8.237E-2,-6.414E-2
5.133,8.257E-2,-6.414E-2
5.167,7.932E-2,-6.413E-2
5.200,6.999E-2,-6.402E-2
5.233,5.705E-2,-6.373E-2
5.267,5.690E-2,-6.377E-2
5.300,4.061E-2,-6.331E-2
5.333,2.289E-2,-6.346E-2
5.367,4.725E-3,-6.338E-2
5.400,-1.196E-2,-6.346E-2
5.433,-1.180E-2,-6.353E-2
5.467,-2.663E-2,-6.377E-2
5.500,-3.762E-2,-6.387E-2
5.533,-4.514E-2,-6.388E-2
5.567,-4.742E-2,-6.386E-2
5.600,-4.733E-2,-6.389E-2
5.633,-4.614E-2,-6.389E-2
5.667,-3.914E-2,-6.389E-2
5.700,-2.720E-2,-6.395E-2
5.733,-1.281E-2,-6.377E-2
5.767,-1.313E-2,-6.379E-2
5.800,3.610E-3,-6.369E-2
5.833,2.127E-2,-6.350E-2
5.867,3.912E-2,-6.372E-2
5.900,5.504E-2,-6.379E-2
5.933,5.533E-2,-6.380E-2
5.967,6.911E-2,-6.457E-2
6.000,7.776E-2,-6.442E-2
6.033,8.245E-2,-6.437E-2
6.067,8.265E-2,-6.425E-2
6.100,8.280E-2,-6.416E-2
6.133,7.800E-2,-6.421E-2
6.167,6.776E-2,-6.410E-2
6.200,5.429E-2,-6.363E-2
6.233,3.747E-2,-6.323E-2
6.267,3.722E-2,-6.337E-2
6.300,2.035E-2,-6.322E-2
6.333,2.565E-3,-6.334E-2
6.367,-1.417E-2,-6.342E-2
6.400,-2.816E-2,-6.353E-2
6.433,-2.808E-2,-6.358E-2
6.467,-3.957E-2,-6.374E-2
6.500,-4.581E-2,-6.383E-2
6.533,-4.701E-2,-6.418E-2
6.567,-4.555E-2,-6.403E-2
6.600,-4.540E-2,-6.398E-2
6.633,-3.792E-2,-6.394E-2
6.667,-2.591E-2,-6.376E-2
6.700,-1.065E-2,-6.386E-2
6.733,6.233E-3,-6.383E-2
6.767,6.148E-3,-6.383E-2
6.800,2.341E-2,-6.377E-2
6.833,4.072E-2,-6.380E-2
6.867,5.617E-2,-6.360E-2
6.900,6.865E-2,-6.425E-2
6.933,6.894E-2,-6.416E-2
6.967,7.765E-2,-6.428E-2
7.000,8.159E-2,-6.427E-2
7.033,8.118E-2,-6.420E-2
7.067,7.552E-2,-6.401E-2
7.100,7.579E-2,-6.398E-2
7.133,6.629E-2,-6.374E-2
7.167,5.259E-2,-6.348E-2
7.200,3.637E-2,-6.330E-2
7.233,1.896E-2,-6.346E-2
7.267,1.902E-2,-6.354E-2
7.300,1.529E-3,-6.371E-2
7.333,-1.496E-2,-6.384E-2
7.367,-2.887E-2,-6.383E-2
7.400,-3.848E-2,-6.389E-2
7.433,-3.843E-2,-6.388E-2
7.467,-4.499E-2,-6.391E-2
7.500,-4.622E-2,-6.383E-2
7.533,-4.291E-2,-6.378E-2
7.567,-3.472E-2,-6.382E-2
7.600,-3.478E-2,-6.382E-2
7.633,-2.239E-2,-6.382E-2
7.667,-7.461E-3,-6.386E-2
7.700,9.193E-3,-6.377E-2
7.733,2.680E-2,-6.375E-2
7.767,2.661E-2,-6.377E-2
7.800,4.396E-2,-6.375E-2
7.833,5.874E-2,-6.362E-2
7.867,7.036E-2,-6.403E-2
7.900,7.834E-2,-6.434E-2
7.933,7.799E-2,-6.422E-2
7.967,8.123E-2,-6.416E-2
8.000,8.105E-2,-6.427E-2
8.033,7.451E-2,-6.416E-2
8.067,6.372E-2,-6.402E-2
8.100,6.365E-2,-6.399E-2
8.133,5.014E-2,-6.384E-2
8.167,3.362E-2,-6.359E-2
8.200,1.617E-2,-6.348E-2
8.233,-1.143E-3,-6.338E-2
8.267,-9.363E-4,-6.349E-2
8.300,-1.765E-2,-6.355E-2
8.333,-3.064E-2,-6.360E-2
8.367,-4.110E-2,-6.376E-2
8.400,-4.112E-2,-6.378E-2
8.433,-4.591E-2,-6.383E-2
8.467,-4.645E-2,-6.380E-2
8.500,-4.320E-2,-6.388E-2
8.533,-3.509E-2,-6.380E-2
8.567,-3.499E-2,-6.381E-2
8.600,-2.286E-2,-6.371E-2
8.633,-7.253E-3,-6.383E-2
8.667,9.636E-3,-6.382E-2
8.700,2.704E-2,-6.386E-2
8.733,2.672E-2,-6.384E-2
8.767,4.344E-2,-6.386E-2
8.800,5.832E-2,-6.375E-2
8.833,7.028E-2,-6.433E-2
8.867,7.752E-2,-6.452E-2
8.900,7.765E-2,-6.433E-2
8.933,8.057E-2,-6.426E-2
8.967,7.909E-2,-6.414E-2
9.000,7.296E-2,-6.402E-2
9.033,6.271E-2,-6.386E-2
9.067,6.282E-2,-6.387E-2
9.100,4.888E-2,-6.354E-2
9.133,3.275E-2,-6.348E-2
9.167,1.481E-2,-6.331E-2
9.200,-1.505E-3,-6.352E-2
9.233,-1.411E-3,-6.359E-2
9.267,-1.764E-2,-6.371E-2
9.300,-3.067E-2,-6.379E-2
9.333,-4.023E-2,-6.395E-2
9.367,-4.541E-2,-6.388E-2
9.400,-4.529E-2,-6.388E-2
9.433,-4.521E-2,-6.387E-2
9.467,-4.238E-2,-6.383E-2
9.500,-3.277E-2,-6.377E-2
9.533,-1.992E-2,-6.392E-2
9.567,-2.021E-2,-6.390E-2
9.600,-5.120E-3,-6.375E-2
9.633,1.159E-2,-6.365E-2
9.667,2.977E-2,-6.366E-2
9.700,4.629E-2,-6.373E-2
9.733,4.628E-2,-6.374E-2
9.767,6.086E-2,-6.413E-2
9.800,7.198E-2,-6.425E-2
9.833,7.920E-2,-6.413E-2
9.867,8.183E-2,-6.402E-2
9.900,8.214E-2,-6.399E-2
9.933,8.065E-2,-6.411E-2
9.967,7.364E-2,-6.410E-2
10.000,6.193E-2,-6.381E-2
10.033,4.844E-2,-6.334E-2
10.067,4.865E-2,-6.344E-2
10.100,3.210E-2,-6.347E-2
10.133,1.493E-2,-6.331E-2
10.167,-1.984E-3,-6.340E-2
10.200,-1.738E-2,-6.360E-2
10.233,-1.754E-2,-6.363E-2
10.267,-3.086E-2,-6.375E-2
10.300,-3.955E-2,-6.371E-2
10.333,-4.369E-2,-6.396E-2
10.367,-4.398E-2,-6.392E-2
10.400,-4.419E-2,-6.389E-2
10.433,-3.985E-2,-6.392E-2
10.467,-3.126E-2,-6.391E-2
10.500,-1.881E-2,-6.372E-2
10.533,-2.887E-3,-6.369E-2
10.567,-3.192E-3,-6.371E-2
10.600,1.354E-2,-6.383E-2
10.633,3.026E-2,-6.382E-2
10.667,4.665E-2,-6.382E-2
10.700,6.049E-2,-6.382E-2
10.733,6.038E-2,-6.382E-2
10.767,7.126E-2,-6.433E-2
10.800,7.792E-2,-6.443E-2
10.833,7.957E-2,-6.444E-2
10.867,7.757E-2,-6.426E-2
10.900,7.744E-2,-6.417E-2
10.933,7.016E-2,-6.404E-2
10.967,5.877E-2,-6.391E-2
11.000,4.470E-2,-6.362E-2
11.033,2.826E-2,-6.313E-2
11.067,2.852E-2,-6.329E-2
11.100,1.113E-2,-6.334E-2
11.133,-4.986E-3,-6.345E-2
11.167,-2.017E-2,-6.359E-2
11.200,-3.217E-2,-6.382E-2
11.233,-3.201E-2,-6.382E-2
11.267,-4.084E-2,-6.397E-2
11.300,-4.422E-2,-6.396E-2
11.333,-4.432E-2,-6.392E-2
11.367,-3.973E-2,-6.384E-2
11.400,-3.939E-2,-6.385E-2
11.433,-2.950E-2,-6.380E-2
11.467,-1.650E-2,-6.387E-2
11.500,-1.790E-4,-6.372E-2
11.533,1.611E-2,-6.370E-2
11.567,1.607E-2,-6.373E-2
11.600,3.299E-2,-6.364E-2
11.633,4.925E-2,-6.360E-2
11.667,6.282E-2,-6.412E-2
11.700,7.300E-2,-6.432E-2
11.733,7.304E-2,-6.421E-2
11.767,7.975E-2,-6.414E-2
11.800,8.094E-2,-6.422E-2
11.833,7.801E-2,-6.415E-2
11.867,6.994E-2,-6.404E-2
11.900,6.994E-2,-6.400E-2
11.933,5.836E-2,-6.355E-2
11.967,4.363E-2,-6.337E-2
12.000,2.684E-2,-6.346E-2
12.033,9.946E-3,-6.356E-2
12.067,9.802E-3,-6.362E-2
12.100,-7.073E-3,-6.367E-2
12.133,-2.222E-2,-6.363E-2
12.167,-3.282E-2,-6.378E-2
12.200,-4.069E-2,-6.398E-2
12.233,-4.086E-2,-6.394E-2
12.267,-4.458E-2,-6.372E-2
12.300,-4.425E-2,-6.381E-2
12.333,-3.815E-2,-6.379E-2
12.367,-2.872E-2,-6.375E-2
12.400,-2.856E-2,-6.376E-2
12.433,-1.531E-2,-6.322E-2
12.467,1.071E-3,-6.347E-2
12.500,1.808E-2,-6.336E-2
12.533,3.507E-2,-6.324E-2
12.567,3.526E-2,-6.336E-2
12.600,5.175E-2,-6.370E-2
12.633,6.491E-2,-6.395E-2
12.667,7.508E-2,-6.422E-2
12.700,8.101E-2,-6.439E-2
12.733,8.050E-2,-6.411E-2
12.767,8.142E-2,-6.424E-2
12.800,7.793E-2,-6.416E-2
12.833,6.944E-2,-6.398E-2
12.867,5.721E-2,-6.396E-2
12.900,5.702E-2,-6.394E-2
12.933,4.203E-2,-6.365E-2
12.967,2.594E-2,-6.343E-2
13.000,9.235E-3,-6.331E-2
13.033,-7.412E-3,-6.317E-2
13.067,-7.485E-3,-6.332E-2
13.100,-2.154E-2,-6.349E-2
13.133,-3.269E-2,-6.359E-2
13.167,-4.001E-2,-6.391E-2
13.200,-4.367E-2,-6.388E-2
13.233,-4.363E-2,-6.387E-2
13.267,-4.324E-2,-6.382E-2
13.300,-3.699E-2,-6.378E-2
13.333,-2.726E-2,-6.350E-2
13.367,-1.411E-2,-6.324E-2
13.400,-1.413E-2,-6.334E-2
13.433,1.844E-3,-6.329E-2
13.467,1.884E-2,-6.268E-2
13.500,3.630E-2,-6.302E-2
13.533,5.179E-2,-6.325E-2
13.567,5.207E-2,-6.334E-2
13.600,6.517E-2,-6.346E-2
13.633,7.496E-2,-6.374E-2
13.667,7.972E-2,-6.367E-2
13.700,7.979E-2,-6.367E-2
13.733,7.957E-2,-6.360E-2
13.767,7.656E-2,-6.367E-2
13.800,6.798E-2,-6.364E-2
13.833,5.495E-2,-6.339E-2
13.867,4.064E-2,-6.332E-2
13.900,4.042E-2,-6.339E-2
13.933,2.394E-2,-6.341E-2
13.967,6.958E-3,-6.348E-2
14.000,-9.904E-3,-6.395E-2
14.033,-2.400E-2,-6.442E-2
14.067,-2.408E-2,-6.426E-2
14.100,-3.514E-2,-6.406E-2
14.133,-4.204E-2,-6.456E-2
14.167,-4.475E-2,-6.450E-2
14.200,-4.400E-2,-6.438E-2
14.233,-4.348E-2,-6.416E-2
14.267,-3.673E-2,-6.358E-2
14.300,-2.622E-2,-6.340E-2
14.333,-1.249E-2,-6.320E-2
14.367,4.638E-3,-6.209E-2
14.400,4.922E-3,-6.167E-2
14.433,2.173E-2,-6.203E-2
14.467,3.865E-2,-6.209E-2
14.500,5.290E-2,-6.231E-2
14.533,6.569E-2,-6.315E-2
14.567,6.585E-2,-6.330E-2
14.600,7.498E-2,-6.362E-2
14.633,7.955E-2,-6.372E-2
14.667,7.964E-2,-6.373E-2
14.700,7.525E-2,-6.360E-2
14.733,7.569E-2,-6.369E-2
14.767,6.697E-2,-6.375E-2
14.800,5.422E-2,-6.252E-2
14.833,3.962E-2,-6.174E-2
14.867,2.296E-2,-6.101E-2
14.900,2.289E-2,-6.087E-2
14.933,6.204E-3,-6.053E-2
14.967,-9.769E-3,-6.091E-2
15.000,-2.385E-2,-6.154E-2
15.033,-3.499E-2,-6.289E-2
15.067,-3.493E-2,-6.312E-2
15.100,-4.151E-2,-6.322E-2
15.133,-4.289E-2,-6.322E-2
15.167,-4.147E-2,-6.342E-2
15.200,-3.493E-2,-6.350E-2
15.233,-3.490E-2,-6.355E-2
15.267,-2.415E-2,-6.363E-2
15.300,-1.011E-2,-6.367E-2
15.333,6.279E-3,-6.361E-2
15.367,2.281E-2,-6.350E-2
15.400,2.279E-2,-6.355E-2
15.433,3.989E-2,-6.335E-2
15.467,5.430E-2,-6.359E-2
15.500,6.617E-2,-6.377E-2
15.533,7.471E-2,-6.391E-2
15.567,7.387E-2,-6.387E-2
15.600,7.827E-2,-6.384E-2
15.633,7.799E-2,-6.382E-2
15.667,7.305E-2,-6.378E-2
15.700,6.360E-2,-6.330E-2
15.733,6.358E-2,-6.339E-2
15.767,5.037E-2,-6.343E-2
15.800,3.531E-2,-6.333E-2
15.833,1.948E-2,-6.250E-2
15.867,2.622E-3,-6.265E-2
15.900,2.624E-3,-6.286E-2
15.933,-1.287E-2,-6.302E-2
15.967,-2.633E-2,-6.310E-2
16.000,-3.651E-2,-6.385E-2
16.033,-4.334E-2,-6.434E-2
16.067,-4.357E-2,-6.417E-2
16.100,-4.516E-2,-6.408E-2
16.133,-4.195E-2,-6.393E-2
16.167,-3.459E-2,-6.363E-2
16.200,-2.318E-2,-6.335E-2
16.233,-2.338E-2,-6.341E-2
16.267,-9.712E-3,-6.273E-2
16.300,6.471E-3,-6.299E-2
16.333,2.336E-2,-6.310E-2
16.367,3.933E-2,-6.330E-2
16.400,3.948E-2,-6.336E-2
16.433,5.430E-2,-6.350E-2
16.467,6.496E-2,-6.355E-2
16.500,7.338E-2,-6.457E-2
16.533,7.760E-2,-6.416E-2
16.567,7.749E-2,-6.404E-2
16.600,7.679E-2,-6.398E-2
16.633,7.128E-2,-6.397E-2
16.667,6.189E-2,-6.371E-2
16.700,6.225E-2,-6.370E-2
16.733,5.020E-2,-6.222E-2
16.767,3.435E-2,-6.103E-2
16.800,1.757E-2,-6.018E-2
16.833,6.286E-4,-6.029E-2
