,mass A,,
t,x,y,
0.000,0.464,8.813E-2
0.033,0.467,9.016E-2
0.067,0.485,8.876E-2
0.100,0.485,8.869E-2
0.133,0.512,8.966E-2
0.167,0.553,8.820E-2
0.200,0.592,8.788E-2
0.233,0.634,8.616E-2
0.267,0.634,8.667E-2
0.300,0.675,8.606E-2
0.333,0.716,8.675E-2
0.367,0.744,8.859E-2
0.400,0.765,8.988E-2
0.433,0.765,8.924E-2
0.467,0.773,9.127E-2
0.500,0.773,9.733E-2
0.533,0.754,9.899E-2
0.567,0.723,9.895E-2
0.600,0.723,9.869E-2
0.633,0.682,9.565E-2
0.667,0.633,9.285E-2
0.700,0.582,9.197E-2
0.733,0.533,9.304E-2
0.767,0.534,9.284E-2
0.800,0.487,9.530E-2
0.833,0.452,9.575E-2
0.867,0.433,0.102
0.900,0.423,0.103
0.933,0.423,0.103
0.967,0.424,0.103
1.000,0.434,0.103
1.033,0.456,0.102
1.067,0.493,0.101
1.100,0.493,0.101
1.133,0.526,0.101
1.167,0.572,9.182E-2
1.200,0.613,9.246E-2
1.233,0.645,9.126E-2
1.267,0.645,9.142E-2
1.300,0.675,9.181E-2
1.333,0.696,9.263E-2
1.367,0.714,9.324E-2
1.400,0.715,9.329E-2
1.433,0.715,9.305E-2
1.467,0.715,9.301E-2
1.500,0.713,9.515E-2
1.533,0.696,9.431E-2
1.567,0.673,9.385E-2
1.600,0.674,9.337E-2
1.633,0.643,9.433E-2
1.667,0.615,9.299E-2
1.700,0.585,9.212E-2
1.733,0.562,9.253E-2
1.767,0.563,9.245E-2
1.800,0.535,9.466E-2
1.833,0.516,9.395E-2
1.867,0.503,9.392E-2
1.900,0.494,9.548E-2
1.933,0.494,9.440E-2
1.967,0.487,9.569E-2
2.000,0.487,9.599E-2
2.033,0.494,9.698E-2
2.067,0.504,9.769E-2
2.100,0.504,9.784E-2
2.133,0.516,9.689E-2
2.167,0.536,9.533E-2
2.200,0.560,9.379E-2
2.233,0.576,9.168E-2
2.267,0.576,9.209E-2
2.300,0.600,9.222E-2
2.333,0.621,9.242E-2
2.367,0.635,9.300E-2
2.400,0.650,9.233E-2
2.433,0.650,9.229E-2
2.467,0.662,9.222E-2
2.500,0.666,9.411E-2
2.533,0.666,9.310E-2
2.567,0.666,9.381E-2
2.600,0.665,9.346E-2
2.633,0.655,9.314E-2
2.667,0.641,9.283E-2
2.700,0.624,9.322E-2
2.733,0.606,9.328E-2
2.767,0.606,9.317E-2
2.800,0.586,9.336E-2
2.833,0.566,9.336E-2
2.867,0.546,9.336E-2
2.900,0.534,9.285E-2
2.933,0.534,9.288E-2
2.967,0.523,9.306E-2
3.000,0.516,9.377E-2
3.033,0.514,9.260E-2
3.067,0.514,9.262E-2
3.100,0.514,9.234E-2
3.133,0.517,9.312E-2
3.167,0.527,9.769E-2
3.200,0.542,9.945E-2
3.233,0.556,9.773E-2
3.267,0.556,9.789E-2
3.300,0.574,9.652E-2
3.333,0.591,9.240E-2
3.367,0.607,9.244E-2
3.400,0.618,9.409E-2
3.433,0.621,9.245E-2
3.467,0.631,9.279E-2
3.500,0.641,9.302E-2
3.533,0.643,9.321E-2
3.567,0.644,9.342E-2
3.600,0.644,9.331E-2
3.633,0.644,9.345E-2
3.667,0.636,9.406E-2
3.700,0.626,9.365E-2
3.733,0.613,9.378E-2
3.767,0.614,9.355E-2
3.800,0.603,9.348E-2
3.833,0.586,9.335E-2
3.867,0.573,9.353E-2
3.900,0.557,9.330E-2
3.933,0.559,9.325E-2
3.967,0.549,9.428E-2
4.000,0.541,9.423E-2
4.033,0.535,9.454E-2
4.067,0.534,9.363E-2
4.100,0.533,9.365E-2
4.133,0.532,9.375E-2
4.167,0.535,9.348E-2
4.200,0.543,9.363E-2
4.233,0.552,9.359E-2
4.267,0.553,9.353E-2
4.300,0.565,9.282E-2
4.333,0.576,9.333E-2
4.367,0.586,9.401E-2
4.400,0.596,9.311E-2
4.433,0.596,9.310E-2
4.467,0.607,9.318E-2
4.500,0.615,9.226E-2
4.533,0.623,9.156E-2
4.567,0.625,9.266E-2
4.600,0.625,9.249E-2
4.633,0.625,9.253E-2
4.667,0.625,9.290E-2
4.700,0.624,9.291E-2
4.733,0.616,9.357E-2
4.767,0.616,9.343E-2
4.800,0.606,9.347E-2
4.833,0.596,9.377E-2
4.867,0.586,9.367E-2
4.900,0.576,9.510E-2
4.933,0.576,9.450E-2
4.967,0.567,9.387E-2
5.000,0.557,9.379E-2
5.033,0.553,9.317E-2
5.067,0.547,9.407E-2
5.100,0.546,9.371E-2
5.133,0.545,9.358E-2
5.167,0.545,9.319E-2
5.200,0.546,9.282E-2
5.233,0.551,9.259E-2
5.267,0.551,9.246E-2
5.300,0.555,9.354E-2
5.333,0.564,9.317E-2
5.367,0.571,9.333E-2
5.400,0.581,9.282E-2
5.433,0.581,9.286E-2
5.467,0.588,9.138E-2
5.500,0.597,9.173E-2
5.533,0.602,9.238E-2
5.567,0.609,9.299E-2
5.600,0.611,9.265E-2
5.633,0.611,9.267E-2
5.667,0.612,9.276E-2
5.700,0.611,9.320E-2
5.733,0.611,9.373E-2
5.767,0.610,9.389E-2
5.800,0.608,9.220E-2
5.833,0.601,9.369E-2
5.867,0.597,9.238E-2
5.900,0.588,9.343E-2
5.933,0.588,9.333E-2
5.967,0.581,9.374E-2
6.000,0.578,9.391E-2
6.033,0.571,9.298E-2
6.067,0.568,9.299E-2
6.100,0.568,9.314E-2
6.133,0.563,9.312E-2
6.167,0.562,9.381E-2
6.200,0.563,9.314E-2
6.233,0.563,9.353E-2
6.267,0.564,9.355E-2
6.300,0.566,9.459E-2
6.333,0.572,9.308E-2
6.367,0.576,9.402E-2
6.400,0.580,9.442E-2
6.433,0.581,9.476E-2
6.467,0.586,9.378E-2
6.500,0.592,9.470E-2
6.533,0.599,9.379E-2
6.567,0.603,9.430E-2
6.600,0.605,9.320E-2
6.633,0.607,9.267E-2
6.667,0.610,9.269E-2
6.700,0.611,9.346E-2
6.733,0.611,9.265E-2
6.767,0.611,9.269E-2
6.800,0.608,9.240E-2
6.833,0.607,9.292E-2
6.867,0.602,9.252E-2
6.900,0.598,9.227E-2
6.933,0.599,9.244E-2
6.967,0.594,9.389E-2
7.000,0.589,9.315E-2
7.033,0.584,9.361E-2
7.067,0.580,9.286E-2
7.100,0.579,9.315E-2
7.133,0.576,9.320E-2
7.167,0.575,9.296E-2
7.200,0.573,9.369E-2
7.233,0.573,9.328E-2
7.267,0.573,9.327E-2
7.300,0.574,9.321E-2
7.333,0.574,9.367E-2
7.367,0.576,9.354E-2
7.400,0.578,9.351E-2
7.433,0.580,9.317E-2
7.467,0.584,9.315E-2
7.500,0.589,9.271E-2
7.533,0.592,9.417E-2
7.567,0.594,9.312E-2
7.600,0.595,9.343E-2
7.633,0.598,9.269E-2
7.667,0.601,9.380E-2
7.700,0.602,9.386E-2
7.733,0.603,9.273E-2
7.767,0.604,9.288E-2
7.800,0.604,9.211E-2
7.833,0.604,9.213E-2
7.867,0.603,9.165E-2
7.900,0.601,9.266E-2
7.933,0.600,9.256E-2
7.967,0.597,9.266E-2
8.000,0.593,9.354E-2
8.033,0.590,9.243E-2
8.067,0.586,9.263E-2
8.100,0.584,9.257E-2
8.133,0.582,9.307E-2
8.167,0.582,9.270E-2
8.200,0.582,9.229E-2
8.233,0.582,9.251E-2
8.267,0.582,9.216E-2
8.300,0.582,9.226E-2
8.333,0.583,9.250E-2
8.367,0.583,9.296E-2
8.400,0.584,9.313E-2
8.433,0.584,9.387E-2
8.467,0.585,9.351E-2
8.500,0.586,9.324E-2
8.533,0.593,9.270E-2
8.567,0.593,9.240E-2
8.600,0.594,9.264E-2
8.633,0.596,9.266E-2
8.667,0.597,9.306E-2
8.700,0.597,9.251E-2
8.733,0.597,9.243E-2
8.767,0.600,9.227E-2
8.800,0.601,9.277E-2
8.833,0.600,9.251E-2
8.867,0.599,9.260E-2
8.900,0.600,9.271E-2
8.933,0.599,9.284E-2
8.967,0.598,9.255E-2
9.000,0.596,9.270E-2
9.033,0.592,9.323E-2
9.067,0.592,9.301E-2
9.100,0.591,9.292E-2
9.133,0.587,9.267E-2
9.167,0.587,9.296E-2
9.200,0.585,9.296E-2
9.233,0.583,9.300E-2
9.267,0.583,9.271E-2
9.300,0.583,9.278E-2
9.333,0.583,9.276E-2
9.367,0.583,9.296E-2
9.400,0.583,9.275E-2
9.433,0.583,9.279E-2
9.467,0.584,9.255E-2
9.500,0.584,9.282E-2
9.533,0.585,9.300E-2
9.567,0.585,9.328E-2
9.600,0.586,9.318E-2
9.633,0.588,9.263E-2
9.667,0.591,9.299E-2
9.700,0.592,9.292E-2
9.733,0.592,9.313E-2
9.767,0.593,9.239E-2
9.800,0.594,9.274E-2
9.833,0.595,9.286E-2
9.867,0.595,9.298E-2
9.900,0.595,9.299E-2
9.933,0.595,9.294E-2
9.967,0.595,9.297E-2
10.000,0.594,9.264E-2
10.033,0.593,9.220E-2
10.067,0.593,9.237E-2
10.100,0.592,9.177E-2
10.133,0.587,9.322E-2
10.167,0.585,9.336E-2
10.200,0.585,9.316E-2
10.233,0.585,9.356E-2
10.267,0.584,9.321E-2
10.300,0.584,9.277E-2
10.333,0.583,9.293E-2
10.367,0.583,9.287E-2
10.400,0.583,9.284E-2
10.433,0.583,9.281E-2
10.467,0.583,9.286E-2
10.500,0.584,9.286E-2
10.533,0.584,9.311E-2
10.567,0.585,9.307E-2
10.600,0.586,9.334E-2
10.633,0.587,9.301E-2
10.667,0.587,9.268E-2
10.700,0.591,9.298E-2
10.733,0.592,9.262E-2
10.767,0.592,9.268E-2
10.800,0.592,9.266E-2
10.833,0.592,9.295E-2
10.867,0.592,9.242E-2
10.900,0.591,9.252E-2
10.933,0.591,9.241E-2
10.967,0.591,9.271E-2
11.000,0.591,9.280E-2
11.033,0.591,9.269E-2
11.067,0.590,9.301E-2
11.100,0.590,9.289E-2
11.133,0.589,9.245E-2
11.167,0.588,9.287E-2
11.200,0.588,9.236E-2
11.233,0.588,9.244E-2
11.267,0.588,9.220E-2
11.300,0.587,9.246E-2
11.333,0.588,9.234E-2
11.367,0.588,9.253E-2
11.400,0.588,9.251E-2
11.433,0.588,9.335E-2
11.467,0.589,9.326E-2
11.500,0.589,9.316E-2
11.533,0.589,9.340E-2
11.567,0.589,9.344E-2
11.600,0.589,9.370E-2
11.633,0.589,9.384E-2
11.667,0.589,9.357E-2
11.700,0.589,9.344E-2
11.733,0.589,9.343E-2
11.767,0.590,9.307E-2
11.800,0.591,9.323E-2
11.833,0.591,9.308E-2
11.867,0.591,9.358E-2
11.900,0.591,9.351E-2
11.933,0.591,9.345E-2
11.967,0.591,9.351E-2
12.000,0.590,9.497E-2
12.033,0.590,9.419E-2
12.067,0.590,9.402E-2
12.100,0.590,9.375E-2
12.133,0.590,9.364E-2
12.167,0.589,9.343E-2
12.200,0.589,9.346E-2
12.233,0.589,9.367E-2
12.267,0.589,9.370E-2
12.300,0.588,9.281E-2
12.333,0.588,9.309E-2
12.367,0.588,9.290E-2
12.400,0.588,9.308E-2
12.433,0.588,9.312E-2
12.467,0.588,9.326E-2
12.500,0.588,9.329E-2
12.533,0.588,9.359E-2
12.567,0.589,9.379E-2
12.600,0.589,9.374E-2
12.633,0.589,9.401E-2
12.667,0.589,9.372E-2
12.700,0.589,9.370E-2
12.733,0.590,9.362E-2
12.767,0.589,9.368E-2
12.800,0.590,9.306E-2
12.833,0.590,9.319E-2
12.867,0.590,9.293E-2
12.900,0.590,9.319E-2
12.933,0.590,9.310E-2
12.967,0.590,9.318E-2
13.000,0.590,9.314E-2
13.033,0.590,9.329E-2
13.067,0.590,9.340E-2
13.100,0.590,9.354E-2
13.133,0.590,9.365E-2
13.167,0.590,9.465E-2
13.200,0.590,9.359E-2
13.233,0.590,9.349E-2
13.267,0.590,9.394E-2
13.300,0.589,9.319E-2
13.333,0.589,9.284E-2
13.367,0.589,9.278E-2
13.400,0.589,9.277E-2
13.433,0.589,9.287E-2
13.467,0.589,9.289E-2
13.500,0.589,9.292E-2
13.533,0.589,9.291E-2
13.567,0.589,9.307E-2
13.600,0.589,9.304E-2
13.633,0.589,9.322E-2
13.667,0.590,9.337E-2
13.700,0.590,9.339E-2
13.733,0.590,9.342E-2
13.767,0.590,9.370E-2
13.800,0.590,9.345E-2
13.833,0.590,9.331E-2
13.867,0.590,9.322E-2
13.900,0.590,9.324E-2
13.933,0.590,9.323E-2
13.967,0.590,9.323E-2
14.000,0.590,9.337E-2
14.033,0.590,9.323E-2
14.067,0.590,9.310E-2
14.100,0.590,9.308E-2
14.133,0.590,9.281E-2
14.167,0.590,9.296E-2
14.200,0.590,9.283E-2
14.233,0.589,9.295E-2
14.267,0.589,9.297E-2
14.300,0.589,9.288E-2
14.333,0.590,9.280E-2
14.367,0.589,9.294E-2
14.400,0.590,9.278E-2
14.433,0.590,9.284E-2
14.467,0.590,9.267E-2
14.500,0.589,9.266E-2
14.533,0.589,9.263E-2
14.567,0.589,9.265E-2
14.600,0.589,9.266E-2
14.633,0.589,9.270E-2
14.667,0.589,9.292E-2
14.700,0.589,9.302E-2
14.733,0.589,9.306E-2
14.767,0.589,9.324E-2
14.800,0.590,9.275E-2
14.833,0.590,9.273E-2
14.867,0.590,9.270E-2
14.900,0.590,9.254E-2
14.933,0.591,9.293E-2
14.967,0.590,9.280E-2
15.000,0.590,9.282E-2
15.033,0.590,9.300E-2
15.067,0.590,9.283E-2
15.100,0.590,9.282E-2
15.133,0.591,9.280E-2
15.167,0.591,9.290E-2
15.200,0.590,9.282E-2
15.233,0.590,9.286E-2
15.267,0.590,9.286E-2
15.300,0.590,9.295E-2
15.333,0.589,9.252E-2
15.367,0.589,9.251E-2
15.400,0.589,9.242E-2
15.433,0.589,9.260E-2
15.467,0.589,9.259E-2
15.500,0.589,9.245E-2
15.533,0.589,9.254E-2
15.567,0.589,9.223E-2
15.600,0.589,9.238E-2
15.633,0.590,9.236E-2
15.667,0.590,9.248E-2
15.700,0.590,9.249E-2
15.733,0.590,9.241E-2
15.767,0.590,9.254E-2
15.800,0.590,9.258E-2
15.833,0.590,9.259E-2
15.867,0.590,9.272E-2
15.900,0.590,9.273E-2
15.933,0.590,9.274E-2
15.967,0.590,9.274E-2
16.000,0.589,9.312E-2
16.033,0.589,9.300E-2
16.067,0.589,9.300E-2
16.100,0.589,9.298E-2
16.133,0.589,9.298E-2
16.167,0.589,9.297E-2
16.200,0.589,9.297E-2
16.233,0.590,9.306E-2
16.267,0.590,9.326E-2
16.300,0.590,9.339E-2
16.333,0.590,9.383E-2
16.367,0.590,9.365E-2
16.400,0.590,9.355E-2
16.433,0.590,9.345E-2
16.467,0.590,9.333E-2
16.500,0.589,9.330E-2
16.533,0.589,9.317E-2
16.567,0.589,9.321E-2
16.600,0.589,9.316E-2
16.633,0.589,9.323E-2
16.667,0.590,9.364E-2
16.700,0.589,9.425E-2
16.733,0.590,9.410E-2
16.767,0.590,9.422E-2
16.800,0.590,9.447E-2
16.833,0.590,9.338E-2
